SIZES
  narena                14680064
  nbuffer               17808
  nplugin               0
  maxuse_stack          9376
  maxuse_arena          34244
  maxuse_con            6
  maxuse_efc            30
  solver_nisland        1
  ne                    6
  nf                    0
  nl                    0
  nefc                  6
  nnzJ                  96
  ncon                  0
  nisland               0
  threadpool            0

SOLVER STAT
  solver_nisland = 1
  solver_fwdinv =   0         0       
  ISLAND 0
    solver_niter = 1
    solver_nnz = 256
      0:  improvement =  0.0002      gradient =  6e-16       lineslope =  0       
          nactive = 6   nchange = 0   neval = 2   nupdate = 0

ENERGY =   24        11      

TIME =  1.5     

QPOS
  -7.7e-16 
   4.3e-14 
   0.73    
   1       
  -3.3e-14 
   3.7e-16 
   6.8e-20 
   1.7     
  -3.2     
  -1.7     
   3.2     
  -1.5e-15 
   1.2e-14 
   0.31    
   1       
   1.2e-13 
   3.4e-16 
   6.8e-20 

QVEL
  -7.7e-15 
  -1e-13   
  -4.4     
  -1.8e-13 
   8.2e-15 
   1.5e-20 
   16      
  -25      
  -16      
   25      
   9.4e-16 
   1.5e-13 
   1.2     
   2.3e-12 
   3.2e-15 
   1.5e-20 

QACC_WARMSTART
   3.9e-14 
  -1.9e-13 
  -12      
  -5.1e-12 
  -2.6e-13 
   6.7e-20 
  -1.2e+02 
   3.4e+02 
   1.2e+02 
  -3.4e+02 
   1.1e-12 
  -1e-12   
  -19      
   1.3e-11 
   4e-14   
   6.7e-20 

CTRL
   0       
   0       
   0       
   0       

QFRC_APPLIED
   0       
   0       
   0       
   0       
   0       
   0       
   0       
   0       
   0       
   0       
   0       
   0       
   0       
   0       
   0       
   0       

XFRC_APPLIED
   0         0         0         0         0         0       
   0         0         0         0         0         0       
   0         0         0         0         0         0       
   0         0         0         0         0         0       
   0         0         0         0         0         0       
   0         0         0         0         0         0       
   0         0         0         0         0         0       

EQ_ACTIVE             1 1

QACC
   3.9e-14 
  -1.9e-13 
  -12      
  -5.1e-12 
  -2.6e-13 
   6.7e-20 
  -1.2e+02 
   3.4e+02 
   1.2e+02 
  -3.4e+02 
   1.1e-12 
  -1e-12   
  -19      
   1.3e-11 
   4e-14   
   6.7e-20 

SENSOR
   1.7     
   16      
   8.2e-14 
  -7e-14   
  -1.8     
  -4.5e-15 
   1.9e-13 
  -4.4     
  -2.7e-14 
  -8.9e-12 
  -29      

XPOS
   0         0         0       
  -7.7e-16   4.3e-14   0.73    
  -0.36      3.7e-14   0.64    
  -0.37      2.4e-14   0.44    
   0.36      3.7e-14   0.64    
   0.37      2.4e-14   0.44    
  -1.5e-15   1.2e-14   0.31    

XQUAT
   1         0         0         0       
   1        -3.3e-14   3.7e-16   6.8e-20 
   0.89     -2.9e-14  -0.46      1.5e-14 
   0.95     -3.1e-14   0.31     -1e-14   
   0.89     -2.9e-14   0.46     -1.5e-14 
   0.95     -3.1e-14  -0.31      1e-14   
   1         1.2e-13   3.4e-16   6.8e-20 

XMAT
   1         0         0         0         1         0         0         0         1       
   1        -1.4e-19   7.4e-16   1.4e-19   1         6.5e-14  -7.4e-16  -6.5e-14   1       
   0.58     -1.4e-19  -0.81      5.3e-14   1         3.8e-14   0.81     -6.5e-14   0.58    
   0.81     -1.4e-19   0.59     -3.9e-14   1         5.3e-14  -0.59     -6.5e-14   0.81    
   0.58     -1.4e-19   0.81     -5.3e-14   1         3.8e-14  -0.81     -6.5e-14   0.58    
   0.81     -1.4e-19  -0.59      3.9e-14   1         5.3e-14   0.59     -6.5e-14   0.81    
   1        -1.4e-19   6.8e-16   1.4e-19   1        -2.4e-13  -6.8e-16   2.4e-13   1       

XIPOS
   0         0         0       
  -7.7e-16   4.3e-14   0.73    
  -0.36      3.7e-14   0.64    
  -0.37      2.4e-14   0.44    
   0.36      3.7e-14   0.64    
   0.37      2.4e-14   0.44    
  -1.5e-15   1.2e-14   0.31    

XIMAT
   1         0         0         0         1         0         0         0         1       
   1        -1.4e-19   7.4e-16   1.4e-19   1         6.5e-14  -7.4e-16  -6.5e-14   1       
   0.58     -1.4e-19  -0.81      5.3e-14   1         3.8e-14   0.81     -6.5e-14   0.58    
   0.81     -1.4e-19   0.59     -3.9e-14   1         5.3e-14  -0.59     -6.5e-14   0.81    
   0.58     -1.4e-19   0.81     -5.3e-14   1         3.8e-14  -0.81     -6.5e-14   0.58    
   0.81     -1.4e-19  -0.59      3.9e-14   1         5.3e-14   0.59     -6.5e-14   0.81    
   1        -1.4e-19   6.8e-16   1.4e-19   1        -2.4e-13  -6.8e-16   2.4e-13   1       

XANCHOR
  -7.7e-16   4.3e-14   0.73    
  -0.5       4.3e-14   0.73    
  -0.27      3.2e-14   0.57    
   0.5       4.3e-14   0.73    
   0.27      3.2e-14   0.57    
  -1.5e-15   1.2e-14   0.31    

XAXIS
   0         0         1       
   1.4e-19  -1         6.5e-14 
   1.4e-19  -1         6.5e-14 
   1.4e-19  -1         6.5e-14 
   1.4e-19  -1         6.5e-14 
   0         0         1       

GEOM_XPOS
   0         0         0       
  -7.7e-16   4.3e-14   0.73    
  -0.36      3.7e-14   0.64    
  -0.37      2.4e-14   0.44    
   0.36      3.7e-14   0.64    
   0.37      2.4e-14   0.44    
  -1.5e-15   1.2e-14   0.31    

GEOM_XMAT
   1         0         0         0         1         0         0         0         1       
   1        -1.4e-19   7.4e-16   1.4e-19   1         6.5e-14  -7.4e-16  -6.5e-14   1       
   0.58     -1.4e-19  -0.81      5.3e-14   1         3.8e-14   0.81     -6.5e-14   0.58    
   0.81     -1.4e-19   0.59     -3.9e-14   1         5.3e-14  -0.59     -6.5e-14   0.81    
   0.58     -1.4e-19   0.81     -5.3e-14   1         3.8e-14  -0.81     -6.5e-14   0.58    
   0.81     -1.4e-19  -0.59      3.9e-14   1         5.3e-14   0.59     -6.5e-14   0.81    
   1        -1.4e-19   6.8e-16   1.4e-19   1        -2.4e-13  -6.8e-16   2.4e-13   1       

SITE_XPOS
  -7.7e-16   4.3e-14   0.73    
  -0.24      3.1e-14   0.55    
   0.24      3.1e-14   0.55    
  -1.5e-15   1.2e-14   0.31    

SITE_XMAT
   1        -1.4e-19   7.4e-16   1.4e-19   1         6.5e-14  -7.4e-16  -6.5e-14   1       
   0.58     -1.4e-19  -0.81      5.3e-14   1         3.8e-14   0.81     -6.5e-14   0.58    
   0.58     -1.4e-19   0.81     -5.3e-14   1         3.8e-14  -0.81     -6.5e-14   0.58    
   1        -1.4e-19   6.8e-16   1.4e-19   1        -2.4e-13  -6.8e-16   2.4e-13   1       

LIGHT_XPOS
   0         0         3       
   0         0         3       

LIGHT_XDIR
   0         0        -1       
   0         0        -1       

SUBTREE_COM
  -1.1e-15   2.9e-14   0.53    
  -1e-15     3.3e-14   0.58    
  -0.37      3e-14     0.54    
  -0.37      2.4e-14   0.44    
   0.37      3e-14     0.54    
   0.37      2.4e-14   0.44    
  -1.5e-15   1.2e-14   0.31    

CDOF
   0         0         0         1         0         0       
   0         0         0         0         1         0       
   0         0         0         0         0         1       
   1         1.4e-19  -7.4e-16  -2.2e-20   0.16     -1e-14   
  -1.4e-19   1        -6.5e-14  -0.16     -2.2e-20   2.7e-16 
   7.4e-16   6.5e-14   1        -4.7e-30  -1.5e-16   1e-29   
   1.4e-19  -1         6.5e-14   0.16      3.3e-14   0.5     
   1.4e-19  -1         6.5e-14  -0.0068    1.8e-14   0.27    
   1.4e-19  -1         6.5e-14   0.16     -3.3e-14  -0.5     
   1.4e-19  -1         6.5e-14  -0.0068   -1.8e-14  -0.27    
   0         0         0         1         0         0       
   0         0         0         0         1         0       
   0         0         0         0         0         1       
   1         1.4e-19  -6.8e-16   0        -0         0       
  -1.4e-19   1         2.4e-13   0         0        -0       
   6.8e-16  -2.4e-13   1        -0         0         0       

CINERT
   0         0         0         0         0         0         0         0         0         0       
   0.02      0.095     0.088    -1e-20     3.8e-17  -4e-16     1.4e-16   5.2e-15   0.079     0.5     
   0.0037    0.072     0.069     8.4e-16   0.013    -2e-16    -0.18      2e-15     0.031     0.5     
   0.013     0.081     0.069    -1.8e-15  -0.028    -7.9e-16  -0.18     -4.6e-15  -0.071     0.5     
   0.0037    0.072     0.069    -8.4e-16  -0.013    -2e-16     0.18      2e-15     0.031     0.5     
   0.013     0.081     0.069     1.8e-15   0.028    -7.9e-16   0.18     -4.6e-15  -0.071     0.5     
   0.0071    0.06      0.067    -7.3e-21   4e-17    -1.5e-15   0         0         0         0.5     

TEN_LENGTH
   0.48    
   0.42    

TEN_MOMENT
   0         0         0         2.7e-36   0        -4.4e-32  -0.18      0         0.18      0         0         0         0         0         0         0       
   1.7e-15   7.4e-14   1         0         0         0         0         0         0         0        -1.7e-15  -7.4e-14  -1         0         0         0       

TENDON 0: 2 wrap points
    -1:   -0.24      3.1e-14   0.55    
    -1:    0.24      3.1e-14   0.55    

TENDON 1: 2 wrap points
    -1:   -7.7e-16   4.3e-14   0.73    
    -1:   -1.5e-15   1.2e-14   0.31    

ACTUATOR_LENGTH
   1.7     
   1.7     
  -1.7     
  -1.7     

ACTUATOR_MOMENT
   0         0         0         0         0         0         1         0         0         0         0         0         0         0         0         0       
   0         0         0         0         0         0         1         0         0         0         0         0         0         0         0         0       
   0         0         0         0         0         0         0         0         1         0         0         0         0         0         0         0       
   0         0         0         0         0         0         0         0         1         0         0         0         0         0         0         0       

CRB
   0         0         0         0         0         0         0         0         0         0       
   0.052     0.4       0.37     -4.8e-20   7.1e-17  -2.4e-15   1.1e-16  -6.3e-30   2.8e-17   2.5     
   0.016     0.15      0.14     -9.6e-16  -0.015    -9.9e-16  -0.37     -2.6e-15  -0.04      1       
   0.013     0.081     0.069    -1.8e-15  -0.028    -7.9e-16  -0.18     -4.6e-15  -0.071     0.5     
   0.016     0.15      0.14      9.6e-16   0.015    -9.9e-16   0.37     -2.6e-15  -0.04      1       
   0.013     0.081     0.069     1.8e-15   0.028    -7.9e-16   0.18     -4.6e-15  -0.071     0.5     
   0.0071    0.06      0.067    -7.3e-21   4e-17    -1.5e-15   0         0         0         0.5     

QM
   2.5       0         0        -5.4e-20  -0.4      -3.7e-30   0.2       0.067     0.2       0.067     0         0         0         0         0         0       
   0         2.5       0         0.4      -5.4e-20  -2.7e-16   8.8e-15  -3.2e-15  -8.8e-15   3.2e-15   0         0         0         0         0         0       
   0         0         2.5      -2.6e-14   5.6e-16   1.8e-29   0.13     -0.049    -0.13      0.049     0         0         0         0         0         0       
  -5.4e-20   0.4      -2.6e-14   0.12      3.3e-30  -2e-16     1.2e-30  -1.3e-30   8.3e-31  -6.7e-31   0         0         0         0         0         0       
  -0.4      -5.4e-20   5.6e-16   3.3e-30   0.47      3.2e-30  -0.0086   -0.042    -0.0086   -0.042     0         0         0         0         0         0       
  -3.7e-30  -2.7e-16   1.8e-29  -2e-16     3.2e-30   0.37     -3e-30     1.6e-30   3.2e-30  -3.9e-31   0         0         0         0         0         0       
   0.2       8.8e-15   0.13      1.2e-30  -0.0086   -3e-30     0.076     0.018     0         0         0         0         0         0         0         0       
   0.067    -3.2e-15  -0.049    -1.3e-30  -0.042     1.6e-30   0.018     0.018     0         0         0         0         0         0         0         0       
   0.2      -8.8e-15  -0.13      8.3e-31  -0.0086    3.2e-30   0         0         0.076     0.018     0         0         0         0         0         0       
   0.067     3.2e-15   0.049    -6.7e-31  -0.042    -3.9e-31   0         0         0.018     0.018     0         0         0         0         0         0       
   0         0         0         0         0         0         0         0         0         0         0.5       0         0         0         0         0       
   0         0         0         0         0         0         0         0         0         0         0         0.5       0         0         0         0       
   0         0         0         0         0         0         0         0         0         0         0         0         0.5       0         0         0       
   0         0         0         0         0         0         0         0         0         0         0         0         0         0.0071    0         0       
   0         0         0         0         0         0         0         0         0         0         0         0         0         0         0.06      0       
   0         0         0         0         0         0         0         0         0         0         0         0         0         0         0         0.067   

QLD
   1.2       3.7e-21   7.9e-16  -4.7e-19  -1        -1.6e-29   2.3       3.7       2.3       3.7       0         0         0         0         0         0       
   3.7e-21   1.1      -3.1e-15   3.4      -1.4e-19  -7.5e-16   2e-13    -1.8e-13  -2e-13     1.8e-13   0         0         0         0         0         0       
   7.9e-16  -3.1e-15   1.1      -2.2e-13   3.3e-15   1.3e-28   3.1      -2.8      -3.1       2.8       0         0         0         0         0         0       
  -4.7e-19   3.4      -2.2e-13   0.12     -1.5e-29  -5.5e-16   4.2e-29  -7e-29     2.5e-29  -3.7e-29   0         0         0         0         0         0       
  -1        -1.4e-19   3.3e-15  -1.5e-29   0.23      1.8e-29   0.56     -2.4       0.56     -2.4       0         0         0         0         0         0       
  -1.6e-29  -7.5e-16   1.3e-28  -5.5e-16   1.8e-29   0.37     -7.7e-29   8.8e-29   6.1e-29  -2.2e-29   0         0         0         0         0         0       
   2.3       2e-13     3.1       4.2e-29   0.56     -7.7e-29   0.058     0.98      0         0         0         0         0         0         0         0       
   3.7      -1.8e-13  -2.8      -7e-29    -2.4       8.8e-29   0.98      0.018     0         0         0         0         0         0         0         0       
   2.3      -2e-13    -3.1       2.5e-29   0.56      6.1e-29   0         0         0.058     0.98      0         0         0         0         0         0       
   3.7       1.8e-13   2.8      -3.7e-29  -2.4      -2.2e-29   0         0         0.98      0.018     0         0         0         0         0         0       
   0         0         0         0         0         0         0         0         0         0         0.5       0         0         0         0         0       
   0         0         0         0         0         0         0         0         0         0         0         0.5       0         0         0         0       
   0         0         0         0         0         0         0         0         0         0         0         0         0.5       0         0         0       
   0         0         0         0         0         0         0         0         0         0         0         0         0         0.0071    0         0       
   0         0         0         0         0         0         0         0         0         0         0         0         0         0         0.06      0       
   0         0         0         0         0         0         0         0         0         0         0         0         0         0         0         0.067   

QLDIAGINV
   0.86    
   0.88    
   0.92    
   8.7     
   4.4     
   2.7     
   17      
   56      
   17      
   56      
   2       
   2       
   2       
   1.4e+02 
   17      
   15      

QLDIAGSQRTINV
   0.93    
   0.94    
   0.96    
   2.9     
   2.1     
   1.7     
   4.1     
   7.5     
   4.1     
   7.5     
   1.4     
   1.4     
   1.4     
   12      
   4.1     
   3.9     

D_rownnz              10 10 10 10 10 10 8 8 8 8 6 6 6 6 6 6

D_rowadr              0 10 20 30 40 50 60 68 76 84 92 98 104 110 116 122

D_colind              0 1 2 3 4 5 6 7 8 9 0 1 2 3 4 5 6 7 8 9 0 1 2 3 4 5 6 7 8 9 0 1 2 3 4 5 6 7 8 9 0 1 2 3 4 5 6 7 8 9 0 1 2 3 4 5 6 7 8 9 0 1 2 3 4 5 6 7 0 1 2 3 4 5 6 7 0 1 2 3 4 5 8 9 0 1 2 3 4 5 8 9 10 11 12 13 14 15 10 11 12 13 14 15 10 11 12 13 14 15 10 11 12 13 14 15 10 11 12 13 14 15 10 11 12 13 14 15

B_rownnz              16 10 8 8 8 8 6

B_rowadr              0 16 26 34 42 50 58

B_colind              0 1 2 3 4 5 6 7 8 9 10 11 12 13 14 15 0 1 2 3 4 5 6 7 8 9 0 1 2 3 4 5 6 7 0 1 2 3 4 5 6 7 0 1 2 3 4 5 8 9 0 1 2 3 4 5 8 9 10 11 12 13 14 15

QDERIV
   0         0         0         0         0         0         0         0         0         0         0         0         0         0         0         0       
   0         0         0         0         0         0         0         0         0         0         0         0         0         0         0         0       
   0         0         0         0         0         0         0         0         0         0         0         0         0         0         0         0       
   0         0         0         0         0         0         0         0         0         0         0         0         0         0         0         0       
   0         0         0         0         0         0         0         0         0         0         0         0         0         0         0         0       
   0         0         0         0         0         0         0         0         0         0         0         0         0         0         0         0       
   0         0         0         0         0         0         0         0         0         0         0         0         0         0         0         0       
   0         0         0         0         0         0         0         0         0         0         0         0         0         0         0         0       
   0         0         0         0         0         0         0         0         0         0         0         0         0         0         0         0       
   0         0         0         0         0         0         0         0         0         0         0         0         0         0         0         0       
   0         0         0         0         0         0         0         0         0         0         0         0         0         0         0         0       
   0         0         0         0         0         0         0         0         0         0         0         0         0         0         0         0       
   0         0         0         0         0         0         0         0         0         0         0         0         0         0         0         0       
   0         0         0         0         0         0         0         0         0         0         0         0         0         0         0         0       
   0         0         0         0         0         0         0         0         0         0         0         0         0         0         0         0       
   0         0         0         0         0         0         0         0         0         0         0         0         0         0         0         0       

QLU
   0         0         0         0         0         0         0         0         0         0         0         0         0         0         0         0       
   0         0         0         0         0         0         0         0         0         0         0         0         0         0         0         0       
   0         0         0         0         0         0         0         0         0         0         0         0         0         0         0         0       
   0         0         0         0         0         0         0         0         0         0         0         0         0         0         0         0       
   0         0         0         0         0         0         0         0         0         0         0         0         0         0         0         0       
   0         0         0         0         0         0         0         0         0         0         0         0         0         0         0         0       
   0         0         0         0         0         0         0         0         0         0         0         0         0         0         0         0       
   0         0         0         0         0         0         0         0         0         0         0         0         0         0         0         0       
   0         0         0         0         0         0         0         0         0         0         0         0         0         0         0         0       
   0         0         0         0         0         0         0         0         0         0         0         0         0         0         0         0       
   0         0         0         0         0         0         0         0         0         0         0         0         0         0         0         0       
   0         0         0         0         0         0         0         0         0         0         0         0         0         0         0         0       
   0         0         0         0         0         0         0         0         0         0         0         0         0         0         0         0       
   0         0         0         0         0         0         0         0         0         0         0         0         0         0         0         0       
   0         0         0         0         0         0         0         0         0         0         0         0         0         0         0         0       
   0         0         0         0         0         0         0         0         0         0         0         0         0         0         0         0       

CONTACT
EFC_TYPE
  0
  0
  0
  0
  0
  0

EFC_ID
  0
  0
  0
  1
  1
  1

EFC_J
   1         0         0        -5.9e-20  -0.43      6.3e-20   0.43      0.27      0         0        -1         0         0         1.7e-21   0.013    -6.3e-20 
   0         1         0         0.43      3e-14    -0.47      2.2e-15  -1.3e-14   0         0         0        -1         0        -0.013     1.1e-13   0.47    
   0         0         1        -2.8e-14   0.47      3e-14     0.034    -0.2       0         0         0         0        -1        -3e-15    -0.47      1.1e-13 
   1         0         0        -5.9e-20  -0.43     -6.3e-20   0         0         0.43      0.27     -1         0         0         1.7e-21   0.013     6.3e-20 
   0         1         0         0.43     -3e-14     0.47      0         0        -2.2e-15   1.3e-14   0        -1         0        -0.013    -1.1e-13  -0.47    
   0         0         1        -2.8e-14  -0.47     -3e-14     0         0        -0.034     0.2       0         0        -1        -3e-15     0.47     -1.1e-13 

EFC_POS
  -0.00072 
   1.9e-16 
   0.0024  
   0.00072 
   1.9e-16 
   0.0024  

EFC_MARGIN
   0       
   0       
   0       
   0       
   0       
   0       

EFC_FRICTIONLOSS
   0       
   0       
   0       
   0       
   0       
   0       

EFC_DIAGAPPROX
   3.4     
   3.4     
   3.4     
   3.4     
   3.4     
   3.4     

EFC_KBIP
   4.4e+04   4.2e+02   0.95      0       
   4.4e+04   4.2e+02   0.95      0       
   4.4e+04   4.2e+02   0.95      0       
   4.4e+04   4.2e+02   0.95      0       
   4.4e+04   4.2e+02   0.95      0       
   4.4e+04   4.2e+02   0.95      0       

EFC_D
   5.6     
   5.6     
   5.6     
   5.6     
   5.6     
   5.6     

EFC_R
   0.18    
   0.18    
   0.18    
   0.18    
   0.18    
   0.18    

TEN_VELOCITY
  -5.8     
  -5.6     

ACTUATOR_VELOCITY
   16      
   16      
  -16      
  -16      

CVEL
   0         0         0         0         0         0       
  -1.8e-13   8.2e-15   1.5e-20  -9e-15    -1.3e-13  -4.4     
  -1.8e-13  -16        1e-12     2.5       3.8e-13   3.4     
  -1.8e-13   9.7      -6.3e-13   2.7      -6.5e-14  -3.4     
  -1.8e-13   16       -1e-12    -2.5       3.8e-13   3.4     
  -1.8e-13  -9.7       6.3e-13  -2.7      -6.5e-14  -3.4     
   2.3e-12   3.2e-15   1.5e-20   9.3e-16   1.5e-13   1.2     

CDOF_DOT
   0         0         0         0         0         0       
   0         0         0         0         0         0       
   0         0         0         0         0         0       
  -0         0         0         6e-19    -4.4       1e-13   
  -0         0         0         4.4       6e-19    -7.7e-15 
   0         0         0         1.9e-13   4.5e-15  -4.3e-28 
   1.5e-20   1.2e-26   1.8e-13  -4.4       9.1e-14   7.7e-15 
   1.5e-20   1.2e-26   1.8e-13  -0.8      -1.2e-13  -2.6     
   1.5e-20   1.2e-26   1.8e-13  -4.4      -9.1e-14   7.7e-15 
   1.5e-20   1.2e-26   1.8e-13  -0.8       1.2e-13   2.6     
   0         0         0         0         0         0       
   0         0         0         0         0         0       
   0         0         0         0         0         0       
  -0         0         0        -1.6e-19   1.2      -1.5e-13 
   0        -0         0        -1.2      -1.6e-19   9.3e-16 
   0         0        -0         4.4e-13  -1.2e-16  -3.2e-28 

QFRC_BIAS
   1.4e-13 
   7.4e-12 
   1e+02   
   3.4e-13 
   8.5e-15 
  -2.9e-20 
  -2.2     
  -6.3     
   2.2     
   6.3     
   0       
   0       
   5       
   3.1e-37 
  -2.1e-33 
   3.9e-28 

QFRC_SPRING
   4.9e-14 
   2.1e-12 
   29      
   2.1e-36 
   0       
  -3.4e-32 
  -0.14    
   0       
   0.14    
   0       
  -4.9e-14 
  -2.1e-12 
  -29      
   0       
   0       
   0       

QFRC_DAMPER
   0       
   0       
   0       
   0       
   0       
   0       
   0       
   0       
   0       
   0       
   0       
   0       
   0       
   0       
   0       
   0       

QFRC_GRAVCOMP
   0       
   0       
   0       
   0       
   0       
   0       
   0       
   0       
   0       
   0       
   0       
   0       
   0       
   0       
   0       
   0       

QFRC_FLUID
   0       
   0       
   0       
   0       
   0       
   0       
   0       
   0       
   0       
   0       
   0       
   0       
   0       
   0       
   0       
   0       

QFRC_PASSIVE
   4.9e-14 
   2.1e-12 
   29      
   2.1e-36 
   0       
  -3.4e-32 
  -0.14    
   0       
   0.14    
   0       
  -4.9e-14 
  -2.1e-12 
  -29      
   0       
   0       
   0       

EFC_VEL
  -0.012   
  -3.5e-15 
  -0.078   
   0.012   
  -3.5e-15 
  -0.078   

EFC_AREF
   36      
  -6.4e-12 
  -67      
  -36      
  -6.4e-12 
  -67      

SUBTREE_LINVEL
   0         0         0       
   0         0         0       
   0         0         0       
   0         0         0       
   0         0         0       
   0         0         0       
   0         0         0       

SUBTREE_ANGMOM
   0         0         0       
   0         0         0       
   0         0         0       
   0         0         0       
   0         0         0       
   0         0         0       
   0         0         0       

ACTUATOR_FORCE
   0       
   0       
   0       
   0       

QFRC_ACTUATOR
   0       
   0       
   0       
   0       
   0       
   0       
   0       
   0       
   0       
   0       
   0       
   0       
   0       
   0       
   0       
   0       

QFRC_SMOOTH
  -9.3e-14 
  -5.3e-12 
  -73      
  -3.4e-13 
  -8.5e-15 
   2.9e-20 
   2.1     
   6.3     
  -2.1     
  -6.3     
  -4.9e-14 
  -2.1e-12 
  -34      
  -3.1e-37 
   2.1e-33 
  -3.9e-28 

QACC_SMOOTH
  -7.2e-14 
  -2e-13   
  -12      
  -4.9e-12 
  -1.2e-13 
   7.9e-20 
  -33      
   3.5e+02 
   33      
  -3.5e+02 
  -9.7e-14 
  -4.3e-12 
  -68      
  -4.3e-35 
   3.5e-32 
  -5.9e-27 

EFC_B
   44      
   3.8e-12 
   53      
  -44      
   3.8e-12 
   53      

EFC_FORCE
  -15      
  -8.1e-13 
  -12      
   15      
  -8.1e-13 
  -12      

EFC_STATE
  1
  1
  1
  1
  1
  1

QFRC_CONSTRAINT
  -5.9e-13 
  -1.6e-12 
  -24      
  -1.6e-14 
   2.3e-13 
  -4.5e-21 
  -7.1     
  -1.7     
   7.1     
   1.7     
   5.9e-13 
   1.6e-12 
   24      
   9.3e-14 
   1.8e-15 
   4.4e-21 

QFRC_INVERSE
   0       
   0       
   0       
   0       
   0       
   0       
   0       
   0       
   0       
   0       
   0       
   0       
   0       
   0       
   0       
   0       

CACC
   0         0         0        -0        -0         10      
  -5.1e-12  -3.1e-13   6.7e-20   1.7e-13  -2e-13    -1.8     
  -5.1e-12   1.2e+02  -5.3e-12  -89       -2.9e-12  -64      
  -5.1e-12  -2.2e+02   1.3e-11  -71        6.2e-12   94      
  -5.1e-12  -1.2e+02   5.3e-12   89       -2.9e-12  -64      
  -5.1e-12   2.2e+02  -1.3e-11   71        6.2e-12   94      
   1.3e-11   1.2e-13   6.7e-20   1.3e-12   1.7e-12  -9.1     

CFRC_INT
  -4.2e-14   2.5e-15   6.2e-28   3.1e-15   1.6e-27  -1.1e-14 
  -4.2e-14   4e-15     7.1e-28   5e-14     2.1e-12   29      
  -5.9e-15   3.4      -2.7e-13  -27        1.1e-12   15      
   3.2e-16   3.4      -2.4e-13  -3.9       8.6e-13   12      
  -5.9e-15  -3.4       2.7e-13   27        1.1e-12   15      
   3.2e-16  -3.4       2.4e-13   3.9       8.6e-13   12      
   2.5e-29  -1.5e-15  -9e-29    -4.7e-14  -2.1e-12  -29      

CFRC_EXT
   0         0         0         0         0         0       
   0         0         0         0         0         0       
   0         0         0         0         0         0       
  -5.1e-15  -1.4       1e-13    -15       -8.1e-13  -12      
   0         0         0         0         0         0       
  -5.1e-15   1.4      -1e-13     15       -8.1e-13  -12      
   9.3e-14   8.9e-15   4.4e-21   7e-13     1.6e-12   24      

TENDON_EFCADR         -1 -1

